CO_ = -14.805038 
CHO_ = -16.777619 ,COH_ = -15.071628, 
