CO = -14.805038 
CHO = -16.777619 ,COH = -15.071628, 
